9
1
2
1 0 9 2 0 -1
4 0 3 2 0 3
haar_x3
4.547976e-003 0 -1
-4.049583e-001 5.157912e-001 
1
2
5 12 17 12 0 -1
5 16 17 4 0 3
haar_y3
-4.284200e-002 0 -1
2.058417e-001 -3.083714e-001 
1
2
6 13 8 1 0 -1
8 15 4 1 0 2
tilted_haar_x4
-3.547952e-003 0 -1
-6.840322e-001 2.237489e-001 
1
2
14 11 2 13 0 -1
14 11 1 13 0 2
haar_x2
8.382061e-003 0 -1
2.728817e-002 -1.000001e+000 
1
2
9 2 1 4 0 -1
9 3 1 2 0 2
haar_y4
2.695252e-004 0 -1
2.952761e-001 -5.834330e-001 
1
2
2 1 20 4 0 -1
2 1 10 4 0 2
haar_x2
-3.544399e-002 0 -1
-8.769178e-001 1.713460e-001 
1
2
8 9 4 9 0 -1
9 9 2 9 0 2
haar_x4
-1.619894e-003 0 -1
4.770431e-001 -4.142862e-001 
1
2
18 0 5 2 0 -1
18 0 5 1 0 2
tilted_haar_x2
7.865485e-003 0 -1
-1.819759e-001 2.529603e-001 
1
2
3 16 16 6 0 -1
3 18 16 2 0 3
haar_y3
-1.128994e-002 0 -1
5.755152e-001 -3.368671e-001 
-9.287999e-001

9
-1
