9
1
2
1 1 4 9 0 -1
3 1 2 9 0 2
haar_x2
3.443724e-003 0 -1
-3.333332e-001 6.266688e-001 
1
2
15 8 5 3 0 -1
15 9 5 1 0 3
haar_y3
1.147878e-002 0 -1
-1.201550e-002 1.000005e+000 
1
2
5 7 3 3 0 -1
6 8 1 1 0 9
haar_point
-2.356187e-003 0 -1
6.447353e-001 -2.787229e-001 
1
2
17 9 5 9 0 -1
17 12 5 3 0 3
haar_y3
-3.264930e-003 0 -1
3.241191e-001 -4.377834e-001 
1
2
2 0 3 6 0 -1
2 2 3 2 0 3
haar_y3
1.148910e-003 0 -1
-4.518044e-001 4.136623e-001 
1
2
17 9 5 9 0 -1
17 12 5 3 0 3
haar_y3
1.286764e-002 0 -1
-2.278584e-002 5.332335e-001 
1
2
2 9 5 9 0 -1
2 12 5 3 0 3
haar_y3
-3.205685e-003 0 -1
3.338374e-001 -6.591741e-001 
1
2
17 9 1 3 0 -1
17 10 1 1 0 3
haar_y3
2.572886e-004 0 -1
1.572937e-001 -3.815911e-001 
1
2
6 9 1 3 0 -1
6 10 1 1 0 3
haar_y3
-4.310350e-004 0 -1
7.801641e-001 -3.125075e-001 
-9.293470e-001

13
-1
