8
1
2
3 20 18 3 0 -1
9 21 6 1 0 9
haar_point
-6.828398e-002 0 -1
6.631573e-001 -5.206628e-001 
1
3
19 0 4 16 0 -1
21 0 2 8 0 2
19 8 2 8 0 2
haar_x2_y2
-6.056279e-003 0 -1
3.235915e-001 -1.919507e-001 
1
3
1 0 4 16 0 -1
1 0 2 8 0 2
3 8 2 8 0 2
haar_x2_y2
-1.643322e-002 0 -1
8.226301e-001 -3.562448e-001 
1
2
5 2 18 6 0 -1
5 2 9 6 0 2
haar_x2
-1.284587e-001 0 -1
-7.770373e-001 1.552259e-001 
1
2
0 3 24 3 0 -1
6 3 12 3 0 2
haar_x4
-4.796626e-002 0 -1
5.431756e-001 -5.826916e-001 
1
2
3 20 19 4 0 -1
3 22 19 2 0 2
haar_y2
2.760180e-002 0 -1
-4.861374e-001 6.021140e-001 
1
3
6 19 6 4 0 -1
6 19 3 2 0 2
9 21 3 2 0 2
haar_x2_y2
-1.664332e-003 0 -1
6.003242e-001 -4.660710e-001 
1
2
9 20 6 1 0 -1
9 20 3 1 0 2
haar_x2
-6.471250e-004 0 -1
-8.208678e-001 3.413360e-001 
-9.813292e-001

2
-1
