12
1
2
0 20 24 1 0 -1
8 20 8 1 0 3
haar_x3
-4.715747e-002 0 -1
5.529406e-001 -3.587794e-001 
1
2
21 7 2 6 0 -1
21 7 1 6 0 2
tilted_haar_y2
1.410575e-002 0 -1
-5.184968e-002 8.973429e-001 
1
3
5 0 4 8 0 -1
5 0 2 4 0 2
7 4 2 4 0 2
haar_x2_y2
7.421205e-005 0 -1
-3.798724e-001 4.920569e-001 
1
2
21 7 2 6 0 -1
21 7 1 6 0 2
tilted_haar_y2
-6.650876e-003 0 -1
3.835596e-001 -9.095338e-002 
1
2
3 7 6 2 0 -1
3 7 6 1 0 2
tilted_haar_y2
2.911774e-003 0 -1
-3.491697e-001 4.987394e-001 
1
2
15 18 1 3 0 -1
15 19 1 1 0 3
haar_y3
-7.817611e-004 0 -1
-7.706851e-001 6.859563e-002 
1
2
8 1 6 3 0 -1
10 2 2 1 0 9
haar_point
-2.303843e-004 0 -1
3.781210e-001 -4.671870e-001 
1
2
14 16 4 3 0 -1
13 17 4 1 0 3
tilted_haar_x3
-2.346728e-003 0 -1
-4.492533e-001 1.598282e-001 
1
2
6 4 1 8 0 -1
6 6 1 4 0 2
haar_y4
-2.428933e-003 0 -1
7.312392e-001 -2.474497e-001 
1
2
11 18 3 3 0 -1
12 19 1 1 0 9
haar_point
4.216348e-004 0 -1
1.281698e-001 -3.392550e-001 
1
2
2 0 18 1 0 -1
8 6 6 1 0 3
tilted_haar_x3
-3.920889e-002 0 -1
-7.590146e-001 2.790085e-001 
1
2
14 15 3 3 0 -1
13 16 3 1 0 3
tilted_haar_x3
-4.187865e-003 0 -1
-5.970262e-001 5.829639e-002 
-1.015136e+000

11
-1
