9
1
2
4 8 7 4 0 -1
3 9 7 2 0 2
tilted_haar_y4
-1.448378e-002 0 -1
6.818176e-001 -4.687513e-001 
1
2
12 10 1 12 0 -1
8 14 1 4 0 3
tilted_haar_x3
-2.649898e-002 0 -1
3.897563e-001 -1.555160e-001 
1
2
12 10 12 1 0 -1
16 14 4 1 0 3
tilted_haar_x3
-2.203158e-002 0 -1
7.095143e-001 -3.670797e-001 
1
2
15 0 1 12 0 -1
11 4 1 4 0 3
tilted_haar_x3
-7.399953e-003 0 -1
2.475364e-001 -2.591875e-001 
1
2
9 0 12 1 0 -1
13 4 4 1 0 3
tilted_haar_x3
3.025682e-004 0 -1
2.711850e-001 -8.922035e-001 
1
2
20 4 3 5 0 -1
21 4 1 5 0 3
haar_x3
3.502183e-003 0 -1
-1.332420e-001 9.214800e-001 
1
2
1 6 3 3 0 -1
2 6 1 3 0 3
haar_x3
-1.296506e-003 0 -1
6.730375e-001 -2.982292e-001 
1
2
9 21 9 1 0 -1
12 21 3 1 0 3
haar_x3
2.258346e-003 0 -1
8.200084e-002 -8.469086e-001 
1
2
6 21 9 1 0 -1
9 21 3 1 0 3
haar_x3
1.090149e-003 0 -1
3.118153e-001 -8.648676e-001 
-6.322415e-001

3
-1
