6
1
2
0 1 24 23 0 -1
8 1 8 23 0 3
haar_x3
-4.396172e-001 0 -1
4.959347e-001 -6.559164e-001 
1
2
12 9 2 12 0 -1
9 12 2 6 0 2
tilted_haar_x4
1.627917e-002 0 -1
-7.564793e-002 5.260364e-001 
1
2
12 9 12 2 0 -1
15 12 6 2 0 2
tilted_haar_x4
-1.041934e-002 0 -1
4.507617e-001 -7.242088e-001 
1
2
12 0 12 1 0 -1
16 0 4 1 0 3
haar_x3
1.749381e-003 0 -1
-3.791089e-001 4.377659e-001 
1
2
8 21 6 3 0 -1
8 22 6 1 0 3
haar_y3
-3.791380e-005 0 -1
4.662533e-001 -6.055237e-001 
1
2
19 6 5 12 0 -1
19 10 5 4 0 3
haar_y3
-7.021043e-003 0 -1
2.358056e-001 -6.262757e-001 
-1.029630e+000

5
-1
