9
1
2
2 22 20 1 0 -1
7 22 10 1 0 2
haar_x4
-3.816031e-002 0 -1
7.826087e-001 -2.117650e-001 
1
2
21 0 1 2 0 -1
21 1 1 1 0 2
haar_y2
4.656563e-005 0 -1
-1.381294e-001 2.085871e-001 
1
2
1 2 20 14 0 -1
11 2 10 14 0 2
haar_x2
-7.013109e-003 0 -1
1.816991e-001 -7.118515e-001 
1
2
17 12 1 4 0 -1
17 13 1 2 0 2
haar_y4
7.634694e-005 0 -1
1.743601e-001 -3.061521e-001 
1
2
0 20 20 3 0 -1
0 21 20 1 0 3
haar_y3
3.666286e-003 0 -1
2.167069e-001 -8.732396e-001 
1
2
19 1 2 9 0 -1
19 1 1 9 0 2
haar_x2
-4.552514e-003 0 -1
2.076926e-001 -1.641589e-001 
1
2
10 7 6 9 0 -1
12 9 2 9 0 3
tilted_haar_x3
-1.541429e-002 0 -1
5.322843e-001 -3.488736e-001 
1
2
6 1 14 15 0 -1
6 6 14 5 0 3
haar_y3
-4.997385e-002 0 -1
5.235616e-001 -2.152517e-001 
1
2
3 10 18 12 0 -1
3 14 18 4 0 3
haar_y3
-4.477883e-002 0 -1
3.095592e-001 -6.375620e-001 
-5.469866e-001

10
-1
