9
1
2
0 16 18 8 0 -1
0 20 18 4 0 2
haar_y2
7.061169e-002 0 -1
-4.499995e-001 5.625019e-001 
1
2
13 7 4 1 0 -1
13 7 2 1 0 2
tilted_haar_y2
-2.631536e-004 0 -1
1.866894e-001 -1.574761e-001 
1
2
2 11 4 5 0 -1
3 11 2 5 0 2
haar_x4
-1.482227e-003 0 -1
3.793397e-001 -4.702998e-001 
1
2
21 2 3 16 0 -1
21 2 3 8 0 2
tilted_haar_x2
9.556746e-002 0 -1
6.458107e-002 -3.919079e-001 
1
2
3 2 16 3 0 -1
3 2 8 3 0 2
tilted_haar_x2
7.782234e-003 0 -1
-9.570955e-001 2.009948e-001 
1
2
2 2 20 8 0 -1
2 4 20 4 0 2
haar_y4
-4.166936e-003 0 -1
3.769995e-001 -5.726176e-001 
1
2
7 4 9 12 0 -1
10 8 3 4 0 9
haar_point
-8.305207e-003 0 -1
3.322918e-001 -5.992994e-001 
1
2
12 10 1 12 0 -1
9 13 1 6 0 2
tilted_haar_x4
-3.574079e-002 0 -1
5.938836e-001 -5.135560e-002 
1
2
7 5 3 3 0 -1
8 6 1 3 0 3
tilted_haar_x3
-5.191982e-003 0 -1
7.289184e-001 -2.981694e-001 
-9.089223e-001

6
-1
