11
1
2
6 15 2 5 0 -1
7 15 1 5 0 2
haar_x2
-2.166585e-005 0 -1
2.533333e-001 -5.757596e-001 
1
2
16 9 1 3 0 -1
16 10 1 1 0 3
haar_y3
-1.109663e-004 0 -1
2.292710e-001 -2.245059e-001 
1
2
1 0 22 7 0 -1
12 0 11 7 0 2
haar_x2
-9.554964e-002 0 -1
-6.059040e-001 2.483237e-001 
1
2
16 9 1 3 0 -1
16 10 1 1 0 3
haar_y3
1.696021e-004 0 -1
-1.203736e-001 3.178362e-001 
1
2
7 9 1 3 0 -1
7 10 1 1 0 3
haar_y3
-1.049167e-003 0 -1
8.968051e-001 -1.974316e-001 
1
2
17 10 2 3 0 -1
17 11 2 1 0 3
haar_y3
8.661004e-004 0 -1
1.494118e-001 -3.833414e-001 
1
3
0 16 24 2 0 -1
0 16 12 1 0 2
12 17 12 1 0 2
haar_x2_y2
-3.055269e-003 0 -1
-5.054467e-001 3.041265e-001 
1
2
20 11 1 6 0 -1
20 14 1 3 0 2
haar_y2
5.576169e-003 0 -1
6.619281e-002 -7.301688e-001 
1
2
2 13 2 2 0 -1
2 14 2 1 0 2
haar_y2
6.842376e-005 0 -1
-4.911500e-001 3.131375e-001 
1
2
11 3 4 14 0 -1
12 3 2 14 0 2
haar_x4
5.805018e-003 0 -1
-1.221784e-001 4.048003e-001 
1
2
4 5 18 1 0 -1
10 11 6 1 0 3
tilted_haar_x3
-7.387356e-003 0 -1
2.092393e-001 -8.215542e-001 
-8.330814e-001

12
-1
