9
1
2
1 20 22 4 0 -1
1 22 22 2 0 2
haar_y2
3.456198e-002 0 -1
-4.594588e-001 4.857160e-001 
1
2
12 1 1 8 0 -1
10 3 1 4 0 2
tilted_haar_x4
-2.759511e-003 0 -1
1.877328e-001 -1.996984e-001 
1
2
12 1 8 1 0 -1
14 3 4 1 0 2
tilted_haar_x4
-1.332452e-003 0 -1
3.474301e-001 -6.433497e-001 
1
2
20 10 4 8 0 -1
20 10 2 8 0 2
haar_x2
-1.556553e-003 0 -1
2.217557e-001 -5.438578e-001 
1
2
0 9 4 12 0 -1
2 9 2 12 0 2
haar_x2
-2.361089e-002 0 -1
4.975829e-001 -4.463996e-001 
1
2
17 4 3 9 0 -1
18 7 1 3 0 9
haar_point
-5.083161e-003 0 -1
3.428126e-001 -2.430081e-001 
1
3
1 14 18 6 0 -1
1 14 9 3 0 2
10 17 9 3 0 2
haar_x2_y2
-7.150513e-003 0 -1
4.320644e-001 -4.787949e-001 
1
2
9 4 12 9 0 -1
9 7 12 3 0 3
haar_y3
-2.616946e-002 0 -1
3.172363e-001 -1.049297e-001 
1
2
5 7 11 3 0 -1
4 8 11 1 0 3
tilted_haar_y3
7.856632e-003 0 -1
-2.892422e-001 6.667044e-001 
-7.882839e-001

8
-1
