9
1
2
3 9 11 3 0 -1
2 10 11 1 0 3
tilted_haar_y3
-4.812104e-003 0 -1
5.206609e-001 -6.631604e-001 
1
2
12 11 1 12 0 -1
9 14 1 6 0 2
tilted_haar_x4
-1.009148e-002 0 -1
2.265124e-001 -2.793826e-001 
1
2
0 0 24 23 0 -1
8 0 8 23 0 3
haar_x3
-5.082328e-001 0 -1
5.501870e-001 -4.279344e-001 
1
2
17 6 4 2 0 -1
18 7 2 2 0 2
tilted_haar_y4
3.031098e-003 0 -1
-1.571000e-001 4.899655e-001 
1
3
6 8 4 2 0 -1
6 8 2 1 0 2
8 9 2 1 0 2
haar_x2_y2
-1.583641e-003 0 -1
8.401738e-001 -2.669851e-001 
1
2
12 8 1 12 0 -1
8 12 1 4 0 3
tilted_haar_x3
-6.018018e-002 0 -1
-1.000000e+000 1.589256e-001 
1
2
1 22 19 2 0 -1
1 23 19 1 0 2
haar_y2
4.396420e-003 0 -1
-5.866783e-001 3.449327e-001 
1
3
18 11 4 2 0 -1
20 11 2 1 0 2
18 12 2 1 0 2
haar_x2_y2
7.649864e-004 0 -1
6.818602e-002 -4.905106e-001 
1
3
2 8 4 8 0 -1
2 8 2 4 0 2
4 12 2 4 0 2
haar_x2_y2
-1.499294e-003 0 -1
3.871895e-001 -6.329152e-001 
-7.888182e-001

4
-1
