7
1
2
0 17 24 6 0 -1
6 17 12 6 0 2
haar_x4
-2.111151e-001 0 -1
6.944439e-001 -3.472228e-001 
1
2
11 4 3 3 0 -1
11 5 3 1 0 3
haar_y3
4.186534e-004 0 -1
2.147350e-001 -7.093529e-001 
1
2
2 10 1 3 0 -1
2 11 1 1 0 3
haar_y3
4.849746e-004 0 -1
2.129543e-001 -7.900190e-001 
1
2
19 12 3 9 0 -1
20 13 1 9 0 3
tilted_haar_y3
-6.995811e-003 0 -1
-2.553342e-001 1.052164e-001 
1
2
5 12 9 3 0 -1
4 13 9 1 0 3
tilted_haar_y3
-2.258548e-003 0 -1
2.961520e-001 -6.931280e-001 
1
2
0 3 24 5 0 -1
6 3 12 5 0 2
haar_x4
-6.355063e-002 0 -1
3.315720e-001 -5.782583e-001 
1
2
11 18 2 3 0 -1
12 18 1 3 0 2
haar_x2
1.318881e-003 0 -1
1.792789e-001 -9.999998e-001 
-9.201178e-001

7
-1
